24
129
141
147
155
208
229
245
252
351
367
408
428
438
686
719
734
735
738
780
815
816
824
826
853
918
932
942
977
983
1011
1136
1137
1167
1168
1199
1219
1250
1314
1539
1577
1626
1679
1720
1766
1772
1779
1811
1815
1823
1854
1864
1865
1868
1895
1899
1907
1922
1966
1984
1985
2005
2060
2078
2090
2113
2117
2127
2142
2152
2161
2181
2236
2247
2257
2293
2308
2338
2383
2388
2401
2405
2407
2412
2425
2427
2458
2502
2507
2548
104
242
37
49
203
224
132
130
80
412
458
495
520
614
620
624
663
690
710
723
754
769
851
878
890
898
938
945
970
1010
1030
1053
1091
1132
1163
1214
1228
1234
1277
1329
1340
1388
1389
1406
1419
1427
1429
1440
1494
1615
1620
1655
1714
1743
1780
1878
1914
1954
1967
2024
2036
2124
2158
2159
2205
2219
2220
2243
2255
2292
2300
2331
2519
2525
177
111
196
233
397
36
356
63
401
110
476
268
7
166
459
321
158
399
194
146
238
39
151
248
535
652
655
708
737
745
811
847
905
929
952
1009
1054
1099
1124
1206
1236
1245
1442
1512
1531
1580
1752
1783
1785
1803
1808
1910
1920
1953
1996
2010
2051
2120
2179
2185
2225
2231
2232
2268
2282
2322
2329
2390
2421
2456
2487
2550
2578
362
136
416
370
12
22
86
214
45
507
71
57
50
133
492
324
114
34
577
640
756
784
797
818
866
901
922
941
943
991
1110
1151
1164
1230
1276
1281
1325
1374
1436
1443
1579
1585
1607
1609
1653
1719
1778
1828
1940
2003
2052
2059
2067
2095
2108
2138
2188
2200
2227
2242
2336
2360
2397
243
1060
38
56
812
182
258
661
444
90
809
504
707
371
856
887
325
1097
946
982
41
969
115
844
678
445
739
436
350
860
139
725
215
497
473
304
794
43
1158
1160
1173
1176
1177
1179
1196
1223
1227
1246
1294
1316
1333
1379
1416
1437
1652
1737
1769
1773
1794
1837
1839
1842
1884
1890
1928
1930
1965
1978
1998
2047
2053
2105
2150
2165
2206
2211
2215
2238
2326
2396
2455
2482
2489
2509
2514
2534
2553
2579
425
711
384
854
997
910
699
528
172
1035
894
696
530
488
610
379
552
850
308
210
79
1003
760
113
956
939
927
150
551
427
116
2
193
440
968
1133
1159
1188
1198
1222
1229
1241
1283
1305
1338
1543
1544
1556
1589
1612
1646
1731
1745
1797
1807
1814
1850
1874
1909
1963
1991
2050
2074
2136
2149
2288
2437
2457
2461
2469
820
297
1004
1106
508
270
199
899
498
934
83
365
333
281
829
1094
768
289
293
240
868
617
124
426
786
681
621
452
1043
179
241
1127
1191
1270
1328
1364
1367
1370
1371
1384
1418
1519
1565
1625
1631
1654
1658
1734
1753
1782
1810
1822
1847
1848
2101
2109
2140
2180
2193
2199
2217
2226
2353
2372
2392
2426
2447
2523
2532
2581
119
468
107
273
821
75
184
348
14
698
482
790
405
478
489
64
187
96
165
309
626
125
220
20
931
23
81
687
163
1032
342
106
94
1008
522
1204
1255
1315
1334
1350
1357
1378
1392
1408
1414
1452
1521
1554
1559
1645
1651
1656
1660
1742
1788
1799
1813
1816
1857
1924
1969
1995
2019
2025
2048
2054
2055
2141
2153
2154
2172
2415
2420
2429
2435
2448
2464
2483
2496
747
78
1755
1929
1404
904
1942
773
1373
852
204
1746
986
1805
1549
2023
1354
532
1313
69
1824
84
1145
638
1603
112
1862
1480
1336
1744
1208
1693
2089
1602
1956
1381
1614
764
1310
67
763
1197
1526
1975
1866
601
2020
994
674
275
872
1809
137
1993
1342
314
1361
2030
189
1892
326
726
1971
817
1523
33
1951
1754
1322
1291
1947
973
2110
2115
2125
2137
2148
2252
2312
2321
2361
2414
2443
2556
1153
2037
834
17
1856
1454
741
2086
40
1380
1574
2044
1028
66
1326
680
524
432
1876
700
157
871
200
1638
1844
1566
335
989
1916
479
51
1936
1192
1723
1825
2099
47
46
279
667
1542
2156
625
1376
531
808
176
1355
1200
222
1840
1563
1684
1019
1058
1641
985
11
2103
1925
2014
1597
1548
2174
2237
2239
2246
2310
2311
2317
2378
2422
2453
2505
2510
2536
2544
2546
2571
2580
1128
767
1403
197
1117
131
455
291
499
2190
1522
1538
1636
1290
2184
2087
1686
1430
418
2018
835
1776
1012
705
1581
1560
1961
2091
1873
303
916
1939
951
280
403
389
830
336
1195
1156
296
541
385
930
1834
749
704
748
102
98
543
472
1180
1453
1761
1980
979
1309
316
1359
183
557
174
1108
393
1551
1398
2114
2196
2210
2264
2294
2349
2438
2454
2459
2500
2512
2527
2583
862
1202
1973
955
1669
320
908
2147
2187
1272
135
87
1015
205
629
962
1420
666
1273
201
1722
1853
615
168
1982
1964
684
2035
649
1657
53
1562
571
1968
1583
1182
1169
1608
1215
228
1634
300
542
953
1405
486
253
1152
2057
128
2235
2155
1413
424
2022
2189
429
635
888
364
1882
337
1025
924
623
1116
347
2307
2327
2380
2403
2476
2485
2508
2520
2559
192
677
1130
249
323
544
1852
575
1256
637
761
1736
1375
971
1235
483
1148
2081
536
1104
1623
1238
375
25
644
1806
1983
548
2015
1092
673
1194
886
415
981
1592
695
813
448
803
195
1040
1576
138
2191
672
2275
1280
144
2143
1804
1254
926
1356
2012
1377
676
732
2032
1237
1831
143
1268
2009
1047
2177
972
896
1301
343
1201
1829
226
2261
2313
2316
2324
2337
2355
2358
2364
2465
2498
2513
2561
100
1006
802
1759
1013
493
561
1598
1627
1707
729
1642
1835
1323
992
2133
2202
642
1545
792
2121
180
2011
1564
2118
1617
900
1300
1872
807
864
717
727
2296
449
838
1630
2100
1838
491
9
961
731
235
2259
1596
1735
287
556
97
2027
2171
840
1232
668
207
1203
1298
437
688
1649
1851
2302
2064
588
82
422
2339
2350
2367
2389
2431
2540
2565
2577
1115
431
933
475
721
903
733
10
841
796
958
1976
13
1240
534
246
2006
1101
662
1756
1977
1915
2234
1575
1817
8
2134
329
318
1948
140
1190
885
2166
2280
29
1248
1859
276
858
1668
2213
282
902
1394
1447
539
6
1302
2162
949
2082
442
893
1287
1024
1330
284
402
706
2214
1052
521
562
142
2065
657
1210
470
313
2354
2369
2379
2410
2428
2452
2574
1764
