30
145
149
160
219
254
299
307
340
358
377
409
456
487
537
564
565
715
777
799
825
837
848
857
1016
1017
1044
1093
1100
1129
1161
1262
1282
1349
1434
1435
1446
1449
1451
1525
1532
1595
1747
1768
1796
1833
1880
1887
1897
1927
1932
1944
1986
2033
2069
2072
2083
2092
2169
2224
2228
2289
2352
2460
2470
2479
2490
2524
2530
2545
230
202
121
341
381
398
439
599
630
651
720
743
921
923
988
1059
1095
1122
1239
1266
1267
1360
1369
1390
1412
1424
1439
1481
1643
1706
1733
1741
1760
1798
1843
1855
1877
1881
1921
1935
1952
1955
1979
2013
2031
2040
2043
2062
2073
2096
2176
2183
2230
2248
2319
2332
2346
2357
2386
2391
2497
2531
2575
511
331
122
302
225
288
191
218
250
65
540
555
600
612
628
647
665
693
757
798
806
827
863
869
948
964
966
996
1005
1007
1033
1081
1126
1144
1209
1243
1244
1252
1286
1339
1366
1382
1395
1588
1710
1771
1791
1889
1937
1950
2139
2151
2160
2244
2271
2298
2442
2463
2495
2521
2522
2576
502
15
334
223
162
21
92
31
209
3
328
464
550
619
648
658
753
782
787
810
836
907
978
987
990
1002
1029
1048
1098
1112
1134
1138
1140
1174
1226
1247
1264
1275
1285
1288
1296
1341
1363
1383
1387
1397
1541
1557
1571
1584
1601
1718
1726
1790
1867
1883
1896
2008
2042
2045
2076
2097
2163
2173
2175
2208
2250
2260
2301
2359
2370
2395
2408
2424
2450
2462
2478
2501
2573
783
298
529
775
714
778
889
460
380
99
394
805
892
915
859
683
239
186
315
935
879
484
671
913
1111
1147
1216
1233
1249
1304
1365
1391
1409
1431
1438
1553
1593
1611
1616
1632
1635
1639
1757
1784
1898
1913
1919
1923
1934
2000
2080
2098
2123
2167
2204
2212
2320
2330
2362
2375
2444
2504
395
1034
643
669
181
244
694
906
451
467
596
120
1014
188
873
357
675
664
406
74
378
312
509
713
247
18
419
153
390
392
1078
1154
1178
1181
1207
1426
1432
1520
1530
1567
1569
1591
1648
1685
1751
1762
1765
1770
1812
1871
1912
1941
2026
2066
2068
2107
2209
2223
2258
2297
2304
2318
2342
2398
2400
2411
2413
2451
2499
2506
2515
2537
928
58
338
361
126
716
372
109
877
447
954
1
359
656
636
234
134
909
457
795
190
376
545
758
631
819
413
911
433
762
453
527
634
855
618
32
353
682
883
1146
1149
1155
1189
1218
1260
1318
1319
1324
1352
1368
1399
1415
1428
1444
1547
1605
1606
1624
1670
1709
1786
1832
1836
1841
1863
1886
1926
1943
1958
1970
1981
1988
1997
2038
2094
2122
2130
2207
2222
2229
2254
2286
2323
2328
2381
2439
2466
2538
213
170
947
1023
319
598
957
360
44
332
874
974
940
616
525
512
506
16
882
374
627
742
998
554
645
278
1142
1205
1221
1274
1335
1348
1372
1402
1568
1570
1628
1711
1712
1729
1748
1793
1826
1830
1861
1875
1879
1893
1894
1906
1917
1945
2034
2063
2168
2198
2233
2306
2368
2384
2416
2423
2445
1999
435
1423
1261
173
984
1561
1990
789
410
1717
1845
1546
1572
995
1728
1821
514
76
1057
5
1619
1550
417
2041
1537
944
980
1715
2084
386
1448
1599
781
1407
1777
55
2079
692
993
1604
526
976
59
327
1528
198
833
1960
60
772
2028
937
77
1055
93
2186
2197
2218
2265
2291
2303
2418
2529
2535
2551
755
368
814
1682
697
1105
1529
1212
274
1386
255
2132
1534
4
1269
1036
788
1716
61
1042
477
839
1171
72
831
1231
1827
28
2085
538
423
1331
1049
1096
1293
766
305
1946
373
1858
1220
1802
779
490
159
466
1396
549
221
396
516
633
1211
653
2106
1533
880
709
480
875
1647
1299
1297
103
251
2182
2201
2203
2241
2267
2269
2270
2276
2295
2366
2393
2399
2503
1949
2071
897
1962
434
1586
2128
1358
2102
2144
1279
965
1441
2070
560
1225
849
670
1307
505
861
1590
2192
1292
660
1800
310
1327
740
1263
2111
1819
101
842
1860
290
1699
269
2001
227
547
346
1311
0
366
1056
26
724
689
553
503
383
450
1165
622
1677
349
1724
411
1987
2216
2253
2278
2363
2404
2433
2434
2446
2449
2511
2541
363
963
1610
691
1732
285
108
936
2164
1109
1739
430
765
867
1422
474
959
801
496
2075
322
446
1332
1213
501
2277
2039
1193
1775
463
1789
42
891
1166
48
1459
1725
791
960
73
1683
712
1150
1774
2104
1820
1020
1587
2093
85
2061
175
1039
231
1659
2029
1644
736
118
1001
388
2348
2365
2371
2374
2394
2430
2440
2467
2468
2486
2533
2582
441
1031
1633
1102
1401
865
27
1320
1957
2049
345
1552
559
2056
171
822
1186
2135
185
1141
1271
1224
317
975
1455
771
1162
870
91
2145
776
123
1524
2058
1573
1461
701
2119
1738
639
914
730
967
718
2116
292
558
1022
1727
1284
546
1417
148
1139
2305
2356
2377
2382
2409
2516
500
2178
89
1265
1600
1400
679
1421
1450
1885
70
1681
1787
950
1540
311
1027
845
1640
2129
154
828
832
1795
785
1781
917
2194
587
216
88
1251
283
2290
1433
232
793
1801
1217
330
1425
1972
1582
1992
237
1253
1295
650
1483
1767
659
1818
404
414
1758
1037
1041
702
1308
1259
1125
2385
2402
2543
2560
513
344
703
1904
2245
751
2157
1312
518
920
454
1018
774
884
1535
1278
2112
2249
2146
421
2170
1103
2126
1792
272
52
770
1135
1637
1888
685
35
68
1317
1650
355
1849
1555
533
1306
722
752
354
517
295
1143
265
481
369
105
127
632
606
759
420
169
1730
1172
2441
2518
2539
2542
2572
1051
2387
178
746
2373
1046
2432
843
1527
925
2334
1558
1578
2021
846
54
339
1131
1107
510
95
2002
999
1393
494
1911
62
443
1959
804
1536
2406
1362
515
1187
2333
578
1618
1337
2376
391
1621
1629
750
823
1303
1869
654
519
2077
407
212
2195
1931
1045
1763
2436
1918
161
117
1721
217
294
465
1026
1713
286
1622
2417
2221
301
1038
1846
236
1385
2004
2016
1184
1123
2017
1257
1891
1445
1050
164
2325
1994
156
1289
1974
1321
400
2314
728
471
1989
646
2351
1175
2240
469
277
1157
641
2419
912
1938
387
167
744
1258
206
352
613
919
1185
306
1750
1708
1000
2007
1594
2309
2266
1183
1613
211
2517
2526
2528
